1 0.1971153846153846 0.18509615384615385 0.25961538461538464 0.2644230769230769
1 0.5697115384615384 0.17668269230769232 0.3858173076923077 0.33533653846153844
1 0.8473557692307693 0.13822115384615385 0.125 0.14543269230769232
1 0.17908653846153846 0.4519230769230769 0.16105769230769232 0.13701923076923078
1 0.484375 0.5132211538461539 0.15264423076923078 0.14543269230769232
1 0.1346153846153846 0.7403846153846154 0.07211538461538461 0.07091346153846154
1 0.12980769230769232 0.8365384615384616 0.07211538461538461 0.07091346153846154
1 0.125 0.9387019230769231 0.07211538461538461 0.07091346153846154
1 0.33653846153846156 0.9387019230769231 0.07211538461538461 0.07091346153846154
1 0.34134615384615385 0.8365384615384616 0.07211538461538461 0.07091346153846154
1 0.34134615384615385 0.7355769230769231 0.07211538461538461 0.07091346153846154
1 0.5516826923076923 0.7271634615384616 0.07211538461538461 0.07091346153846154
1 0.5564903846153846 0.8329326923076923 0.07211538461538461 0.07091346153846154
1 0.5516826923076923 0.9338942307692307 0.07211538461538461 0.07091346153846154
1 0.7487980769230769 0.9519230769230769 0.07211538461538461 0.07091346153846154
1 0.7487980769230769 0.8497596153846154 0.07211538461538461 0.07091346153846154
1 0.7487980769230769 0.7403846153846154 0.07211538461538461 0.07091346153846154
1 0.3112980769230769 0.5949519230769231 0.11177884615384616 0.10576923076923077
1 0.8653846153846154 0.4651442307692308 0.15264423076923078 0.12740384615384615