1 0.8461538461538461 0.7944711538461539 0.21995192307692307 0.28966346153846156
1 0.051682692307692304 0.13341346153846154 0.04447115384615385 0.06370192307692307
1 0.1310096153846154 0.14302884615384615 0.04567307692307692 0.06490384615384616
1 0.22115384615384615 0.15264423076923078 0.04927884615384615 0.07091346153846154
1 0.0625 0.33653846153846156 0.05048076923076923 0.06129807692307692
1 0.5697115384615384 0.4735576923076923 0.09735576923076923 0.12980769230769232
1 0.46634615384615385 0.15625 0.03485576923076923 0.04447115384615385
1 0.33774038461538464 0.3786057692307692 0.036057692307692304 0.039663461538461536
1 0.12259615384615384 0.7632211538461539 0.055288461538461536 0.0673076923076923
1 0.53125 0.84375 0.1141826923076923 0.15745192307692307
1 0.7944711538461539 0.25 0.013221153846153846 0.019230769230769232