0 0.27163461538461536 0.3449519230769231 0.0829326923076923 0.014423076923076924
0 0.7235576923076923 0.3629807692307692 0.07932692307692307 0.016826923076923076
0 0.21995192307692307 0.8064903846153846 0.1201923076923077 0.03125
0 0.8317307692307693 0.8209134615384616 0.10336538461538461 0.025240384615384616
0 0.22355769230769232 0.8461538461538461 0.0985576923076923 0.016826923076923076
0 0.8353365384615384 0.8545673076923077 0.09134615384615384 0.015625
0 0.8161057692307693 0.671875 0.03365384615384615 0.02283653846153846
0 0.35697115384615385 0.6394230769230769 0.03125 0.019230769230769232
0 0.7259615384615384 0.3858173076923077 0.07211538461538461 0.018028846153846152
0 0.7680288461538461 0.2536057692307692 0.026442307692307692 0.01201923076923077
0 0.27163461538461536 0.36899038461538464 0.078125 0.015625