1 0.125 0.21754807692307693 0.22596153846153846 0.27524038461538464
1 0.12740384615384615 0.5276442307692307 0.22956730769230768 0.27524038461538464
1 0.125 0.8269230769230769 0.22596153846153846 0.2848557692307692
1 0.3713942307692308 0.22235576923076922 0.234375 0.2848557692307692
1 0.37259615384615385 0.5276442307692307 0.22235576923076922 0.2848557692307692
1 0.37259615384615385 0.8305288461538461 0.22235576923076922 0.2800480769230769
1 0.6165865384615384 0.21754807692307693 0.21875 0.2644230769230769
1 0.6153846153846154 0.5276442307692307 0.20673076923076922 0.2548076923076923
1 0.6129807692307693 0.8173076923076923 0.20192307692307693 0.16466346153846154
1 0.8653846153846154 0.21514423076923078 0.22956730769230768 0.2800480769230769
1 0.8653846153846154 0.5324519230769231 0.22235576923076922 0.27524038461538464
1 0.8629807692307693 0.8269230769230769 0.21875 0.27524038461538464