0 0.13341346153846154 0.8365384615384616 0.15504807692307693 0.06370192307692307
0 0.13822115384615385 0.3473557692307692 0.14903846153846154 0.03365384615384615
0 0.36538461538461536 0.12740384615384615 0.05889423076923077 0.08052884615384616
0 0.6322115384615384 0.31009615384615385 0.14903846153846154 0.039663461538461536
0 0.8040865384615384 0.10697115384615384 0.06129807692307692 0.08653846153846154
0 0.6802884615384616 0.7788461538461539 0.1658653846153846 0.05048076923076923
0 0.8701923076923077 0.5096153846153846 0.07692307692307693 0.09615384615384616
0 0.3557692307692308 0.6514423076923077 0.08774038461538461 0.03365384615384615
0 0.8677884615384616 0.5949519230769231 0.08774038461538461 0.03365384615384615
1 0.054086538461538464 0.7680288461538461 0.06129807692307692 0.039663461538461536
1 0.6045673076923077 0.7175480769230769 0.06129807692307692 0.042067307692307696
1 0.07692307692307693 0.296875 0.052884615384615384 0.038461538461538464
1 0.5697115384615384 0.25841346153846156 0.056490384615384616 0.03245192307692308
0 0.35096153846153844 0.19471153846153846 0.07692307692307693 0.026442307692307692
0 0.8016826923076923 0.17548076923076922 0.07692307692307693 0.027644230769230768