0 0.3894230769230769 0.3629807692307692 0.10817307692307693 0.0625
1 0.5612980769230769 0.3161057692307692 0.03365384615384615 0.03245192307692308
1 0.6778846153846154 0.32572115384615385 0.036057692307692304 0.027644230769230768
1 0.1935096153846154 0.7536057692307693 0.06850961538461539 0.04807692307692308
1 0.6826923076923077 0.7956730769230769 0.057692307692307696 0.04807692307692308
1 0.33774038461538464 0.9098557692307693 0.04807692307692308 0.03245192307692308
1 0.7451923076923077 0.9314903846153846 0.0625 0.04447115384615385
0 0.7836538461538461 0.7956730769230769 0.1201923076923077 0.039663461538461536
0 0.30408653846153844 0.7644230769230769 0.11177884615384616 0.054086538461538464
0 0.24519230769230768 0.9014423076923077 0.11057692307692307 0.04567307692307692
0 0.65625 0.9242788461538461 0.09254807692307693 0.039663461538461536