0 0.09615384615384616 0.5829326923076923 0.027644230769230768 0.15745192307692307
0 0.16346153846153846 0.5552884615384616 0.019230769230769232 0.11057692307692307
0 0.14903846153846154 0.6935096153846154 0.019230769230769232 0.1141826923076923
0 0.3269230769230769 0.5973557692307693 0.027644230769230768 0.1346153846153846
0 0.3557692307692308 0.5540865384615384 0.01201923076923077 0.09014423076923077
0 0.36778846153846156 0.6887019230769231 0.014423076923076924 0.09975961538461539
0 0.4326923076923077 0.703125 0.04567307692307692 0.12259615384615384
0 0.5612980769230769 0.6213942307692307 0.04326923076923077 0.125
0 0.6634615384615384 0.5733173076923077 0.03125 0.09735576923076923
0 0.703125 0.5673076923076923 0.028846153846153848 0.10216346153846154
0 0.7475961538461539 0.6021634615384616 0.03365384615384615 0.16947115384615385
0 0.8100961538461539 0.6478365384615384 0.03245192307692308 0.2439903846153846
0 0.8329326923076923 0.59375 0.025240384615384616 0.13701923076923078
0 0.8641826923076923 0.6105769230769231 0.028846153846153848 0.16947115384615385
0 0.8954326923076923 0.6213942307692307 0.030048076923076924 0.19110576923076922
0 0.921875 0.6105769230769231 0.028846153846153848 0.17067307692307693