0 0.2247596153846154 0.15504807692307693 0.22956730769230768 0.16706730769230768
0 0.25841346153846156 0.3233173076923077 0.25600961538461536 0.140625
0 0.6430288461538461 0.23798076923076922 0.08653846153846154 0.28125
0 0.5552884615384616 0.19831730769230768 0.057692307692307696 0.29927884615384615
0 0.578125 0.5420673076923077 0.07572115384615384 0.25600961538461536
0 0.2956730769230769 0.4543269230769231 0.2283653846153846 0.1778846153846154
0 0.33052884615384615 0.6057692307692307 0.2283653846153846 0.1778846153846154
0 0.37259615384615385 0.7620192307692307 0.22956730769230768 0.20072115384615385
0 0.41225961538461536 0.9026442307692307 0.2283653846153846 0.18990384615384615
0 0.6634615384615384 0.5096153846153846 0.042067307692307696 0.20432692307692307
0 0.18990384615384615 0.07211538461538461 0.21634615384615385 0.09735576923076923