1 0.20552884615384615 0.26322115384615385 0.09014423076923077 0.09014423076923077
1 0.20552884615384615 0.3786057692307692 0.09014423076923077 0.09014423076923077
1 0.4795673076923077 0.27524038461538464 0.09014423076923077 0.09014423076923077
1 0.47716346153846156 0.3870192307692308 0.09014423076923077 0.09014423076923077
1 0.47596153846153844 0.49759615384615385 0.08774038461538461 0.07451923076923077
1 0.203125 0.6165865384615384 0.09014423076923077 0.09014423076923077
1 0.20072115384615385 0.7367788461538461 0.09014423076923077 0.09014423076923077
1 0.1971153846153846 0.859375 0.09014423076923077 0.09014423076923077
1 0.3954326923076923 0.5865384615384616 0.09014423076923077 0.09014423076923077
1 0.4735576923076923 0.7391826923076923 0.09014423076923077 0.09014423076923077
1 0.4735576923076923 0.8569711538461539 0.09014423076923077 0.09014423076923077
1 0.4723557692307692 0.9651442307692307 0.08774038461538461 0.06610576923076923
1 0.19591346153846154 0.9651442307692307 0.08774038461538461 0.06610576923076923